00000000000000000000
00000000010000000001
00000000100000000010
00000000110000000011
00000001000000000100
00000001010000000101
00000001100000000110
00000001110000000111
00000010000000001000
00000010010000001001
00000010100000001010
00000010110000001011
00000011010000001101
00000011100000001110
00000011110000001111
00000100000000010000
00000100010000010001
00000100100000010010
00000100110000010011
00000101000000010100
00000101010000010101
00000101100000010110
00000101110000010111
00000110000000011000
00000110010000011001
00000110100000011010
00000110110000011011
00000111000000011100
00000111010000011101
00000111100000011110
00000111110000011111
00001000000000100000
00001000100000100010
00001000110000100011
00001001000000100100
00001001010000100101
00001001100000100110
00001001110000100111
00001010000000101000
00001010010000101001
00001010100000101010
00001010110000101011
00001011000000101100
00001011010000101101
00001011100000101110
00001011110000101111
00001100000000110000
00001100010000110001
00001100100000110010
00001100110000110011
00001101000000110100
00001101010000110101
00001101100000110110
00001101110000110111
00001110000000111000
00001110010000111001
00001110110000111011
00001111000000111100
00001111010000111101
00001111100000111110
00001111110000111111
00010000000001000000
00010000010001000001
00010000100001000010
00010000110001000011
00010001000001000100
00010001010001000101
00010001100001000110
00010001110001000111
00010010100001001010
00010010110001001011
00010011000001001100
00010011010001001101
00010011100001001110
00010011110001001111
00010100000001010000
00010100010001010001
00010100100001010010
00010100110001010011
00010101000001010100
00010101100001010110
00010101110001010111
00010110000001011000
00010110010001011001
00010110100001011010
00010110110001011011
00010111010001011101
00010111100001011110
00010111110001011111
00011000010001100001
00011000100001100010
00011000110001100011
00011001000001100100
00011001010001100101
00011001100001100110
00011001110001100111
00011010000001101000
00011010010001101001
00011010100001101010
00011010110001101011
00011011000001101100
00011011010001101101
00011011110001101111
00011100000001110000
00011100010001110001
00011100110001110011
00011101000001110100
00011101010001110101
00011101100001110110
00011101110001110111
00011110000001111000
00011110010001111001
00011110100001111010
00011110110001111011
00011111000001111100
00011111010001111101
00011111100001111110
00011111110001111111
00100000000010000000
00100000010010000001
00100000100010000010
00100000110010000011
00100001000010000100
00100001010010000101
00100001100010000110
00100001110010000111
00100010000010001000
00100010100010001010
00100010110010001011
00100011000010001100
00100011010010001101
00100011100010001110
00100011110010001111
00100100000010010000
00100100010010010001
00100100100010010010
00100100110010010011
00100101000010010100
00100101010010010101
00100101100010010110
00100101110010010111
00100110000010011000
00100110010010011001
00100110100010011010
00100110110010011011
00100111000010011100
00100111010010011101
00100111100010011110
00100111110010011111
00101000000010100000
00101000010010100001
00101000110010100011
00101001000010100100
00101001100010100110
00101001110010100111
00101010000010101000
00101010010010101001
00101010100010101010
00101010110010101011
00101011000010101100
00101011010010101101
00101011100010101110
00101011110010101111
00101100000010110000
00101100010010110001
00101100100010110010
00101100110010110011
00101101000010110100
00101101010010110101
00101101100010110110
00101101110010110111
00101110000010111000
00101110010010111001
00101110100010111010
00101110110010111011
00101111000010111100
00101111010010111101
00101111100010111110
00101111110010111111
00110000000011000000
00110000010011000001
00110000100011000010
00110000110011000011
00110001000011000100
00110001010011000101
00110001100011000110
00110001110011000111
00110010000011001000
00110010010011001001
00110010100011001010
00110010110011001011
00110011000011001100
00110011010011001101
00110011100011001110
00110011110011001111
00110100000011010000
00110100010011010001
00110100100011010010
00110100110011010011
00110101000011010100
00110101010011010101
00110101100011010110
00110101110011010111
00110110000011011000
00110110010011011001
00110110100011011010
00110110110011011011
00110111000011011100
00110111100011011110
00110111110011011111
00111000000011100000
00111000010011100001
00111000100011100010
00111000110011100011
00111001000011100100
00111001010011100101
00111001100011100110
00111001110011100111
00111010000011101000
00111010010011101001
00111010100011101010
00111010110011101011
00111011000011101100
00111011010011101101
00111011100011101110
00111011110011101111
00111100000011110000
00111100010011110001
00111100100011110010
00111100110011110011
00111101000011110100
00111101010011110101
00111101100011110110
00111101110011110111
00111110000011111000
00111110010011111001
00111110100011111010
00111110110011111011
00111111000011111100
00111111010011111101
00111111100011111110
01000000010100000001
01000000100100000010
01000000110100000011
01000001000100000100
01000001010100000101
01000001100100000110
01000001110100000111
01000010000100001000
01000010010100001001
01000010100100001010
01000010110100001011
01000011000100001100
01000011010100001101
01000011100100001110
01000100010100010001
01000100100100010010
01000101000100010100
01000101010100010101
01000101100100010110
01000101110100010111
01000110000100011000
01000110010100011001
01000110100100011010
01000110110100011011
01000111000100011100
01000111010100011101
01000111100100011110
01000111110100011111
01001000000100100000
01001000010100100001
01001000100100100010
01001000110100100011
01001001010100100101
01001001110100100111
01001010000100101000
01001010010100101001
01001010100100101010
01001010110100101011
01001011000100101100
01001011010100101101
01001011110100101111
01001100000100110000
01001100010100110001
01001100100100110010
01001100110100110011
01001101000100110100
01001101010100110101
01001101100100110110
01001101110100110111
01001110000100111000
01001110010100111001
01001110100100111010
01001110110100111011
01001111000100111100
01001111010100111101
01001111100100111110
01001111110100111111
01010000000101000000
01010000010101000001
01010000100101000010
01010000110101000011
01010001000101000100
01010001100101000110
01010001110101000111
01010010000101001000
01010010010101001001
01010010100101001010
01010010110101001011
01010011000101001100
01010011010101001101
01010011100101001110
01010011110101001111
01010100000101010000
01010100010101010001
01010100100101010010
01010100110101010011
01010101000101010100
01010101010101010101
01010101100101010110
01010101110101010111
01010110000101011000
01010110010101011001
01010110100101011010
01010110110101011011
01010111000101011100
01010111010101011101
01010111100101011110
01010111110101011111
01011000000101100000
01011000010101100001
01011000100101100010
01011000110101100011
01011001000101100100
01011001010101100101
01011001100101100110
01011001110101100111
01011010000101101000
01011010010101101001
01011010100101101010
01011010110101101011
01011011000101101100
01011011010101101101
01011011100101101110
01011011110101101111
01011100000101110000
01011100010101110001
01011100100101110010
01011100110101110011
01011101010101110101
01011101100101110110
01011101110101110111
01011110000101111000
01011110010101111001
01011110100101111010
01011111000101111100
01011111010101111101
01011111100101111110
01011111110101111111
01100000000110000000
01100000010110000001
01100000100110000010
01100000110110000011
01100001000110000100
01100001010110000101
01100001100110000110
01100001110110000111
01100010000110001000
01100010010110001001
01100010100110001010
01100010110110001011
01100011000110001100
01100011010110001101
01100011100110001110
01100011110110001111
01100100000110010000
01100100010110010001
01100100100110010010
01100100110110010011
01100101000110010100
01100101010110010101
01100101100110010110
01100101110110010111
01100110000110011000
01100110010110011001
01100110100110011010
01100110110110011011
01100111000110011100
01100111010110011101
01100111100110011110
01100111110110011111
01101000010110100001
01101000100110100010
01101000110110100011
01101001000110100100
01101001010110100101
01101001100110100110
01101001110110100111
01101010000110101000
01101010010110101001
01101010100110101010
01101010110110101011
01101011000110101100
01101011010110101101
01101011100110101110
01101011110110101111
01101100000110110000
01101100010110110001
01101100100110110010
01101100110110110011
01101101000110110100
01101101010110110101
01101101100110110110
01101101110110110111
01101110000110111000
01101110010110111001
01101110100110111010
01101110110110111011
01101111000110111100
01101111010110111101
01101111100110111110
01101111110110111111
01110000000111000000
01110000010111000001
01110000110111000011
01110001000111000100
01110001010111000101
01110001100111000110
01110001110111000111
01110010000111001000
01110010010111001001
01110010100111001010
01110010110111001011
01110011000111001100
01110011010111001101
01110011100111001110
01110011110111001111
01110100010111010001
01110100100111010010
01110100110111010011
01110101000111010100
01110101010111010101
01110101100111010110
01110101110111010111
01110110010111011001
01110110100111011010
01110110110111011011
01110111000111011100
01110111010111011101
01110111100111011110
01110111110111011111
01111000000111100000
01111000010111100001
01111000100111100010
01111000110111100011
01111001000111100100
01111001010111100101
01111001100111100110
01111001110111100111
01111010000111101000
01111010010111101001
01111010100111101010
01111010110111101011
01111011000111101100
01111011010111101101
01111011100111101110
01111011110111101111
01111100000111110000
01111100010111110001
01111100100111110010
01111101000111110100
01111101010111110101
01111101100111110110
01111101110111110111
01111110000111111000
01111110010111111001
01111110100111111010
01111110110111111011
01111111010111111101
01111111100111111110
01111111110111111111
10000000001000000000
10000000011000000001
10000000101000000010
10000000111000000011
10000001001000000100
10000001011000000101
10000001111000000111
10000010001000001000
10000010011000001001
10000010101000001010
10000010111000001011
10000011001000001100
10000011011000001101
10000011101000001110
10000011111000001111
10000100001000010000
10000100101000010010
10000100111000010011
10000101001000010100
10000101011000010101
10000101101000010110
10000101111000010111
10000110001000011000
10000110011000011001
10000110101000011010
10000110111000011011
10000111001000011100
10000111011000011101
10000111101000011110
10000111111000011111
10001000001000100000
10001000011000100001
10001000101000100010
10001000111000100011
10001001001000100100
10001001011000100101
10001001101000100110
10001001111000100111
10001010001000101000
10001010011000101001
10001010101000101010
10001010111000101011
10001011001000101100
10001011011000101101
10001011101000101110
10001011111000101111
10001100001000110000
10001100011000110001
10001100101000110010
10001100111000110011
10001101001000110100
10001101011000110101
10001101101000110110
10001101111000110111
10001110001000111000
10001110011000111001
10001110101000111010
10001110111000111011
10001111001000111100
10001111011000111101
10001111101000111110
10001111111000111111
10010000001001000000
10010000011001000001
10010000101001000010
10010000111001000011
10010001001001000100
10010001011001000101
10010001101001000110
10010001111001000111
10010010001001001000
10010010011001001001
10010010101001001010
10010010111001001011
10010011001001001100
10010011011001001101
10010011101001001110
10010011111001001111
10010100001001010000
10010100011001010001
10010100101001010010
10010100111001010011
10010101001001010100
10010101101001010110
10010101111001010111
10010110001001011000
10010110011001011001
10010110101001011010
10010110111001011011
10010111001001011100
10010111011001011101
10010111101001011110
10010111111001011111
10011000001001100000
10011000011001100001
10011000101001100010
10011000111001100011
10011001001001100100
10011001011001100101
10011001101001100110
10011001111001100111
10011010001001101000
10011010011001101001
10011010101001101010
10011010111001101011
10011011001001101100
10011011011001101101
10011011101001101110
10011011111001101111
10011100001001110000
10011100011001110001
10011100101001110010
10011100111001110011
10011101001001110100
10011101011001110101
10011101101001110110
10011101111001110111
10011110001001111000
10011110011001111001
10011110101001111010
10011110111001111011
10011111001001111100
10011111011001111101
10011111101001111110
10011111111001111111
10100000001010000000
10100000101010000010
10100000111010000011
10100001011010000101
10100001101010000110
10100001111010000111
10100010001010001000
10100010011010001001
10100010101010001010
10100010111010001011
10100011001010001100
10100011011010001101
10100011101010001110
10100011111010001111
10100100001010010000
10100100011010010001
10100100101010010010
10100100111010010011
10100101001010010100
10100101011010010101
10100101101010010110
10100101111010010111
10100110011010011001
10100110101010011010
10100110111010011011
10100111001010011100
10100111011010011101
10100111101010011110
10100111111010011111
10101000001010100000
10101000011010100001
10101000101010100010
10101000111010100011
10101001011010100101
10101001101010100110
10101001111010100111
10101010001010101000
10101010011010101001
10101010101010101010
10101010111010101011
10101011001010101100
10101011011010101101
10101011101010101110
10101011111010101111
10101100001010110000
10101100011010110001
10101100101010110010
10101100111010110011
10101101001010110100
10101101101010110110
10101101111010110111
10101110001010111000
10101110011010111001
10101110101010111010
10101110111010111011
10101111001010111100
10101111011010111101
10101111101010111110
10101111111010111111
10110000001011000000
10110000011011000001
10110000101011000010
10110000111011000011
10110001001011000100
10110001011011000101
10110001101011000110
10110001111011000111
10110010001011001000
10110010011011001001
10110010101011001010
10110010111011001011
10110011001011001100
10110011011011001101
10110011101011001110
10110011111011001111
10110100001011010000
10110100011011010001
10110100101011010010
10110100111011010011
10110101001011010100
10110101011011010101
10110101101011010110
10110101111011010111
10110110001011011000
10110110011011011001
10110110101011011010
10110110111011011011
10110111001011011100
10110111011011011101
10110111101011011110
10110111111011011111
10111000011011100001
10111000101011100010
10111001001011100100
10111001011011100101
10111001101011100110
10111001111011100111
10111010001011101000
10111010011011101001
10111010101011101010
10111010111011101011
10111011001011101100
10111011011011101101
10111011101011101110
10111011111011101111
10111100011011110001
10111100101011110010
10111100111011110011
10111101001011110100
10111101011011110101
10111101101011110110
10111101111011110111
10111110001011111000
10111110011011111001
10111110101011111010
10111110111011111011
10111111001011111100
10111111011011111101
10111111101011111110
10111111111011111111
11000000001100000000
11000000011100000001
11000000101100000010
11000000111100000011
11000001001100000100
11000001011100000101
11000001111100000111
11000010001100001000
11000010011100001001
11000010101100001010
11000010111100001011
11000011001100001100
11000011011100001101
11000011101100001110
11000011111100001111
11000100011100010001
11000100101100010010
11000100111100010011
11000101001100010100
11000101101100010110
11000101111100010111
11000110001100011000
11000110011100011001
11000110101100011010
11000110111100011011
11000111001100011100
11000111011100011101
11000111101100011110
11000111111100011111
11001000001100100000
11001000011100100001
11001000101100100010
11001000111100100011
11001001001100100100
11001001011100100101
11001001101100100110
11001001111100100111
11001010001100101000
11001010011100101001
11001010101100101010
11001010111100101011
11001011001100101100
11001011011100101101
11001011101100101110
11001011111100101111
11001100011100110001
11001100101100110010
11001100111100110011
11001101001100110100
11001101011100110101
11001101101100110110
11001101111100110111
11001110001100111000
11001110011100111001
11001110101100111010
11001110111100111011
11001111001100111100
11001111011100111101
11001111101100111110
11001111111100111111
11010000001101000000
11010000011101000001
11010000101101000010
11010000111101000011
11010001001101000100
11010001011101000101
11010001101101000110
11010001111101000111
11010010001101001000
11010010011101001001
11010010101101001010
11010010111101001011
11010011001101001100
11010011011101001101
11010011101101001110
11010011111101001111
11010100001101010000
11010100011101010001
11010100101101010010
11010100111101010011
11010101001101010100
11010101011101010101
11010101101101010110
11010110001101011000
11010110011101011001
11010110101101011010
11010110111101011011
11010111001101011100
11010111011101011101
11010111101101011110
11010111111101011111
11011000001101100000
11011000011101100001
11011000101101100010
11011000111101100011
11011001001101100100
11011001011101100101
11011001101101100110
11011001111101100111
11011010001101101000
11011010011101101001
11011010101101101010
11011010111101101011
11011011001101101100
11011011011101101101
11011011101101101110
11011011111101101111
11011100001101110000
11011100011101110001
11011100101101110010
11011100111101110011
11011101001101110100
11011101011101110101
11011101101101110110
11011101111101110111
11011110001101111000
11011110011101111001
11011110101101111010
11011110111101111011
11011111001101111100
11011111011101111101
11011111101101111110
11011111111101111111
11100000001110000000
11100000011110000001
11100000101110000010
11100000111110000011
11100001001110000100
11100001011110000101
11100001101110000110
11100010001110001000
11100010011110001001
11100010101110001010
11100010111110001011
11100011001110001100
11100011011110001101
11100011101110001110
11100011111110001111
11100100001110010000
11100100011110010001
11100100101110010010
11100100111110010011
11100101001110010100
11100101011110010101
11100101101110010110
11100101111110010111
11100110001110011000
11100110011110011001
11100110101110011010
11100110111110011011
11100111001110011100
11100111011110011101
11100111101110011110
11100111111110011111
11101000001110100000
11101000011110100001
11101000101110100010
11101000111110100011
11101001001110100100
11101001011110100101
11101001101110100110
11101001111110100111
11101010001110101000
11101010011110101001
11101010101110101010
11101010111110101011
11101011001110101100
11101011011110101101
11101011101110101110
11101011111110101111
11101100001110110000
11101100011110110001
11101100101110110010
11101100111110110011
11101101001110110100
11101101011110110101
11101101111110110111
11101110001110111000
11101110011110111001
11101110101110111010
11101110111110111011
11101111001110111100
11101111011110111101
11101111101110111110
11101111111110111111
11110000001111000000
11110000011111000001
11110000101111000010
11110000111111000011
11110001001111000100
11110001011111000101
11110001101111000110
11110001111111000111
11110010001111001000
11110010011111001001
11110010101111001010
11110010111111001011
11110011001111001100
11110011011111001101
11110011111111001111
11110100001111010000
11110100011111010001
11110100101111010010
11110100111111010011
11110101001111010100
11110101011111010101
11110101101111010110
11110101111111010111
11110110001111011000
11110110011111011001
11110110101111011010
11110110111111011011
11110111001111011100
11110111011111011101
11110111101111011110
11110111111111011111
11111000001111100000
11111000011111100001
11111000101111100010
11111000111111100011
11111001001111100100
11111001011111100101
11111001101111100110
11111001111111100111
11111010001111101000
11111010011111101001
11111010101111101010
11111010111111101011
11111011001111101100
11111011011111101101
11111011101111101110
11111011111111101111
11111100001111110000
11111100011111110001
11111100101111110010
11111100111111110011
11111101001111110100
11111101101111110110
11111101111111110111
11111110001111111000
11111110011111111001
11111110101111111010
11111110111111111011
11111111001111111100
11111111011111111101
11111111101111111110
11111111111111111111